# tableの定義

# 初級1（探索を繰り返す利点が見える）
# problem = [[0,1,4,6,0,8,2,7,0],
#            [7,0,2,4,0,9,1,0,8],
#            [6,8,0,2,0,1,0,3,5],
#            [9,5,3,0,0,0,7,4,2],
#            [0,0,0,0,0,0,0,0,0],
#            [1,2,8,0,0,0,6,5,3],
#            [8,7,0,9,0,2,0,1,6],
#            [2,0,1,5,0,3,9,0,7],
#            [0,9,6,1,0,7,5,2,0]]

# 初級2（いいぐらいの難易度）
problem = [[9,0,0,7,0,5,4,0,2],
           [0,0,0,6,9,0,0,0,0],
           [4,0,7,0,3,0,5,0,9],
           [2,5,0,3,0,1,0,8,6],
           [0,7,3,0,0,0,0,2,0],
           [1,6,0,4,0,2,0,5,7],
           [7,0,1,0,2,0,6,0,5],
           [0,0,0,1,4,6,0,0,0],
           [6,0,0,0,0,7,2,0,1]]

# 中級（かなり時間かかりそう）
# problem = [[0,0,4,2,0,8,0,0,0],
#             [1,0,8,4,0,0,7,2,6],
#             [0,5,0,0,0,7,0,0,0],
#             [2,0,0,0,8,0,0,6,9],
#             [0,0,6,3,0,9,8,0,0],
#             [9,0,0,0,2,0,0,4,3],
#             [0,7,0,0,0,3,0,0,0],
#             [5,0,1,8,0,0,9,3,4],
#             [0,0,3,5,0,2,0,0,0]]


#内包表記でcandidateを定義
candidate=[[[1,2,3,4,5,6,7,8,9] for j in range(9)] for i in range(9)]


